The vault id and address here is used please update with a unused vault

===== Back-end string DATA =====  
Remember to change the code in controllers like below for backend testing
const data = JSON.parse(payloadData.dataFileURL);

{
  "jobID": "string",
  "datashopServerAddress": "string",
  "dataFileURL": "{\"companyName\": \"test\", \"founders\": [{\"wallet\": \"GRBRY6GJ422WHOLUKCSEVJUZDVM6A2B7ZXMYSHU6KWGQ7CKE6R3UAWBMPE\", \"shares\": 3333, \"logicSigString\": \"130,164,108,115,105,103,130,161,108,196,22,5,49,16,129,4,18,49,20,49,0,18,16,49,18,129,0,18,16,68,129,1,67,163,115,105,103,196,64,254,84,78,137,217,106,182,71,79,84,86,203,230,51,171,134,46,53,99,39,234,165,210,235,74,159,46,187,132,83,210,47,223,196,127,13,179,70,184,98,41,54,86,14,174,119,151,247,96,36,150,10,197,108,255,77,115,60,176,112,87,123,250,12,166,115,105,103,107,101,121,196,32,52,67,28,120,201,230,181,99,185,116,80,164,74,166,153,29,89,224,104,63,205,217,137,30,158,85,141,15,137,68,244,119\"}, {\"wallet\": \"SDAGVJO5VJNZHOWJHRJV6NPPTZGTEYT4HKETAXFBW2TGEOK54GGVNT4ONI\", \"shares\": 6667, \"logicSigString\": \"130,164,108,115,105,103,130,161,108,196,22,5,49,16,129,4,18,49,20,49,0,18,16,49,18,129,0,18,16,68,129,1,67,163,115,105,103,196,64,109,130,34,161,14,75,156,2,55,44,143,197,36,58,170,106,96,148,193,252,252,172,102,156,58,134,47,196,197,159,225,202,109,28,206,101,0,16,252,181,5,3,138,78,0,17,225,36,91,236,60,223,194,222,135,78,196,53,30,2,167,17,75,9,166,115,105,103,107,101,121,196,32,144,192,106,165,221,170,91,147,186,201,60,83,95,53,239,158,77,50,98,124,58,137,48,92,161,182,166,98,57,93,225,141\"}], \"companyFunding\": 309000, \"shares\": [\"test\", \"T\", 10000, 2], \"coins\": [\"coins\", \"C\", 100000000, 2], \"vaultName\": \"test\",\"vaultFunding\": 205000}"
}



===== TEST JSON DATA =====  
 
// CREATE COMPANY V2
"json": {
      "companyName": "test",
      "founders": [
        {
          "addr": "GRBRY6GJ422WHOLUKCSEVJUZDVM6A2B7ZXMYSHU6KWGQ7CKE6R3UAWBMPE",
          "shares": 2000,
          "logicSigString": "130,164,108,115,105,103,130,161,108,196,22,5,49,16,129,4,18,49,20,49,0,18,16,49,18,129,0,18,16,68,129,1,67,163,115,105,103,196,64,254,84,78,137,217,106,182,71,79,84,86,203,230,51,171,134,46,53,99,39,234,165,210,235,74,159,46,187,132,83,210,47,223,196,127,13,179,70,184,98,41,54,86,14,174,119,151,247,96,36,150,10,197,108,255,77,115,60,176,112,87,123,250,12,166,115,105,103,107,101,121,196,32,52,67,28,120,201,230,181,99,185,116,80,164,74,166,153,29,89,224,104,63,205,217,137,30,158,85,141,15,137,68,244,119"
        },
        {
          "addr": "SDAGVJO5VJNZHOWJHRJV6NPPTZGTEYT4HKETAXFBW2TGEOK54GGVNT4ONI",
          "shares": 2000,
          "logicSigString": "130,164,108,115,105,103,130,161,108,196,22,5,49,16,129,4,18,49,20,49,0,18,16,49,18,129,0,18,16,68,129,1,67,163,115,105,103,196,64,109,130,34,161,14,75,156,2,55,44,143,197,36,58,170,106,96,148,193,252,252,172,102,156,58,134,47,196,197,159,225,202,109,28,206,101,0,16,252,181,5,3,138,78,0,17,225,36,91,236,60,223,194,222,135,78,196,53,30,2,167,17,75,9,166,115,105,103,107,101,121,196,32,144,192,106,165,221,170,91,147,186,201,60,83,95,53,239,158,77,50,98,124,58,137,48,92,161,182,166,98,57,93,225,141"
        },
        {
          "addr": "6Q2QJCAWCN7IDTMG5YADWEQNJ4SEGUIWFLQI56ATEXSBDY5PGOJUAJCXWQ",
          "shares": 2000,
          "logicSigString": "130,164,108,115,105,103,130,161,108,196,3,8,129,1,163,115,105,103,196,64,25,251,230,136,213,21,132,241,7,146,104,33,13,23,62,98,219,92,65,150,166,254,176,231,17,191,217,16,202,96,234,215,14,20,107,127,130,163,78,41,233,161,33,61,206,6,123,173,72,57,32,202,16,136,32,160,0,60,83,225,29,153,187,10,166,115,105,103,107,101,121,196,32,244,53,4,136,22,19,126,129,205,134,238,0,59,18,13,79,36,67,81,22,42,224,142,248,19,37,228,17,227,175,51,147"
        },
        {
          "addr": "U5MDHRM2NK2URQ7G55DCAILKGGVR5TKESQKI5Z2B3BTEPF2BBFAB76PUDA",
          "shares": 2000,
          "logicSigString": "130,164,108,115,105,103,130,161,108,196,22,5,49,16,129,4,18,49,20,49,0,18,16,49,18,129,0,18,16,68,129,1,67,163,115,105,103,196,64,108,140,144,171,55,159,42,59,67,112,196,183,100,95,65,253,8,89,252,102,44,115,76,102,25,225,149,136,254,26,223,173,179,80,165,128,0,251,95,254,12,12,136,19,105,161,176,205,199,157,247,105,23,115,200,116,11,180,91,174,107,5,170,15,166,115,105,103,107,101,121,196,32,167,88,51,197,154,106,181,72,195,230,239,70,32,33,106,49,171,30,205,68,148,20,142,231,65,216,102,71,151,65,9,64"
        },
        {
          "addr": "Y3ZIDW3KAV7HZYEZY3RPGQBCOWKA5MBCIWSIBQL5KP633H4MYB5B7G2MEE",
          "shares": 2000,
          "logicSigString": "130,164,108,115,105,103,130,161,108,196,22,5,49,16,129,4,18,49,20,49,0,18,16,49,18,129,0,18,16,68,129,1,67,163,115,105,103,196,64,52,57,114,191,221,229,235,53,54,109,198,225,244,6,124,189,167,156,69,242,68,79,252,189,244,190,186,99,183,124,63,32,156,211,141,179,28,174,198,52,70,139,192,112,144,103,121,218,219,6,147,109,45,226,106,232,204,250,130,146,226,117,121,9,166,115,105,103,107,101,121,196,32,198,242,129,219,106,5,126,124,224,153,198,226,243,64,34,117,148,14,176,34,69,164,128,193,125,83,253,189,159,140,192,122"
        }
      ],
      "companyFunding": 309000,
      "shares": {
        "name": "test",
        "unitName": "T",
        "numberOfShares": 10000,
        "decimal": 2
      },
      "coins": {
        "name": "coins",
        "unitName": "C",
        "numberOfCoins": 100000000,
        "decimal": 2
      },
      "vaultName": "test",
      "vaultFunding": 205000
    }